13 42 24 0.98 
42 52 24 0.98 
13 42 52 24 0.98 
62 24 0.93 
13 2 31 0.93 
13 31 52 0.93 
62 52 24 0.93 
2 31 61 0.93 
13 2 31 52 0.93 
63 30 0.88 
30 24 0.88 
13 43 63 0.88 
13 23 63 0.88 
13 51 63 0.88 
13 63 30 0.88 
43 23 63 0.88 
3 63 30 0.88 
23 2 31 0.88 
51 63 30 0.88 
54 63 30 0.88 
54 63 24 0.88 
54 30 24 0.88 
54 24 40 0.88 
63 30 24 0.88 
63 30 40 0.88 
63 24 40 0.88 
4 30 24 0.88 
30 24 40 0.88 
13 43 23 63 0.88 
13 3 63 30 0.88 
13 51 63 30 0.88 
54 63 30 24 0.88 
54 63 30 40 0.88 
54 63 24 40 0.88 
54 30 24 40 0.88 
63 30 24 40 0.88 
54 63 30 24 40 0.88 
13 43 23 0.88 
62 1 0.87 
2 24 0.87 
61 24 0.87 
60 26 0.87 
13 62 1 0.87 
42 61 24 0.87 
12 30 0.87 
30 40 0.87 
54 12 30 0.87 
54 30 40 0.87 
12 40 0.86 
30 25 0.86 
14 1 0.86 
1 40 0.86 
1 25 0.86 
41 31 61 0.86 
23 31 61 0.86 
54 12 40 0.86 
12 30 40 0.86 
1 40 25 0.86 
41 23 31 61 0.86 
54 12 30 40 0.86 
43 23 0.85 
63 24 0.84 
31 61 0.82 
41 2 11 0.82 
23 61 44 0.82 
63 4 24 0.82 
43 62 23 0.82 
43 62 0 0.82 
43 23 0 0.82 
43 23 53 0.82 
62 23 0 0.82 
62 23 53 0.82 
62 0 53 0.82 
43 62 23 0 0.82 
43 62 23 53 0.82 
43 62 0 53 0.82 
43 23 0 53 0.82 
62 23 0 53 0.82 
43 62 23 0 53 0.82 
41 55 0.81 
61 10 0.8 
25 0.8 
13 61 0.78 
31 10 0.78 
13 42 31 0.78 
13 2 61 0.78 
13 3 30 0.78 
13 51 30 0.78 
2 31 0.78 
63 40 0.77 
54 63 40 0.77 
26 0.77 
23 63 0.77 
31 26 0.77 
61 52 0.77 
10 24 0.77 
33 62 23 0.77 
10 4 24 0.77 
13 30 0.76 
40 25 0.76 
13 24 0.75 
52 24 0.75 
42 61 0.75 
13 2 52 0.75 
2 31 52 0.75 
2 11 0.74 
10 60 0.74 
62 0 0.74 
41 24 0.74 
43 62 53 0.74 
23 52 0.73 
51 45 0.73 
63 5 0.73 
12 4 0.73 
52 30 0.73 
13 23 51 0.73 
13 23 30 0.73 
43 3 30 0.73 
43 51 63 0.73 
43 31 52 0.73 
3 23 51 0.73 
41 23 11 0.73 
23 51 30 0.73 
23 2 11 0.73 
51 63 5 0.73 
51 30 45 0.73 
2 61 52 0.73 
31 61 11 0.73 
13 3 23 51 0.73 
13 3 23 30 0.73 
13 3 51 30 0.73 
13 23 51 30 0.73 
3 23 51 30 0.73 
13 3 23 51 30 0.73 
12 24 0.73 
13 43 32 0.73 
13 62 0 0.73 
23 0 53 0.72 
13 23 0.72 
13 25 0.72 
63 25 0.72 
61 55 0.72 
13 54 63 0.72 
13 63 31 0.72 
13 63 40 0.72 
13 63 25 0.72 
31 61 55 0.72 
13 54 63 40 0.72 
41 51 63 0.71 
23 51 63 0.71 
13 52 24 0.71 
3 54 30 0.71 
23 1 0.71 
31 52 0.71 
41 11 0.7 
33 24 0.7 
54 25 0.7 
61 44 0.7 
54 40 25 0.7 
54 40 0.7 
41 30 0.7 
0 25 0.7 
23 31 0.69 
4 24 0.69 
23 12 61 0.69 
23 44 0.69 
32 1 0.68 
62 30 0.68 
23 11 0.68 
30 45 0.68 
1 65 0.68 
42 24 0.68 
52 15 0.68 
13 42 2 0.68 
42 2 31 0.68 
42 2 52 0.68 
42 31 52 0.68 
42 2 31 52 0.68 
24 0.68 
23 30 0.68 
3 23 30 0.68 
3 60 0.68 
23 55 0.68 
61 32 0.68 
10 50 0.68 
11 55 0.68 
43 33 53 0.68 
33 62 53 0.68 
33 41 11 0.68 
33 23 50 0.68 
23 51 2 0.68 
23 61 1 0.68 
2 61 32 0.68 
43 33 62 53 0.68 
23 61 0.68 
23 12 0.67 
31 1 0.67 
31 55 0.67 
23 51 0.67 
53 24 0.67 
33 41 24 0.67 
33 12 0 0.67 
33 12 53 0.67 
33 53 24 0.67 
34 10 0 0.67 
33 12 0 53 0.67 
34 10 44 0 0.67 
13 0 0.67 
23 53 0.67 
34 61 52 0.66 
55 0.66 
41 56 0.66 
23 2 0.66 
13 42 52 0.66 
3 41 31 0.66 
41 10 56 0.66 
23 12 0 0.66 
13 31 0.65 
62 23 0.65 
33 23 44 0.65 
33 23 0 0.65 
33 23 53 0.65 
33 10 53 0.65 
33 23 0 53 0.65 
13 42 1 0.65 
33 23 0.65 
51 30 0.65 
50 1 0.65 
33 42 10 0.65 
54 30 0.64 
2 61 0.64 
23 0 0.64 
24 40 0.64 
43 0 53 0.64 
41 31 0.64 
23 32 0.64 
13 62 23 0.64 
40 0.64 
13 63 0.64 
1 0.64 
60 55 0.64 
13 32 1 0.64 
23 12 53 0.64 
42 61 53 0.64 
11 60 24 0.64 
41 61 0.63 
10 56 0.63 
41 23 31 0.63 
41 23 61 0.63 
30 0.63 
13 41 0.63 
41 52 0.63 
2 45 0.63 
12 45 0.63 
22 65 0.63 
32 65 0.63 
14 65 0.63 
50 65 0.63 
43 63 2 0.63 
54 12 61 0.63 
2 22 65 0.63 
32 50 65 0.63 
33 0 0.63 
10 0 0.63 
33 0 53 0.63 
23 54 30 0.63 
10 44 0 0.63 
3 23 54 30 0.63 
62 52 0.62 
2 52 0.62 
56 0.62 
23 0.62 
54 12 1 0.62 
13 43 0.61 
42 1 0.61 
33 10 0.61 
44 50 0.61 
43 32 0.61 
3 40 0.61 
54 63 0.61 
54 1 0.61 
31 14 0.61 
52 4 0.61 
32 40 0.61 
4 40 0.61 
30 5 0.61 
13 43 3 0.61 
13 43 51 0.61 
13 3 54 0.61 
13 3 40 0.61 
43 3 51 0.61 
3 54 63 0.61 
3 54 40 0.61 
41 30 5 0.61 
23 2 61 0.61 
54 63 12 0.61 
13 43 3 51 0.61 
13 3 54 40 0.61 
43 63 0.6 
32 14 0.6 
3 23 0.6 
13 23 32 0.6 
13 62 23 32 0.6 
33 53 0.6 
13 1 0.6 
13 43 31 0.6 
13 3 23 0.6 
13 3 51 0.6 
3 30 0.6 
62 23 32 0.6 
23 61 14 0.6 
64 30 0.59 
63 31 0.59 
12 61 0.59 
4 30 0.59 
13 3 63 0.59 
13 54 40 0.59 
13 54 0.59 
42 52 0.59 
43 31 0.59 
43 10 0.59 
43 1 0.59 
43 55 0.59 
3 53 0.59 
62 31 0.59 
31 21 0.59 
21 1 0.59 
21 65 0.59 
53 11 0.59 
4 55 0.59 
13 43 54 0.59 
13 62 30 0.59 
13 31 21 0.59 
13 31 1 0.59 
13 31 65 0.59 
13 21 1 0.59 
13 21 65 0.59 
13 30 45 0.59 
13 1 65 0.59 
43 3 52 0.59 
43 3 14 0.59 
43 20 31 0.59 
43 33 22 0.59 
43 64 52 0.59 
43 64 14 0.59 
43 31 21 0.59 
43 31 4 0.59 
43 31 55 0.59 
43 52 14 0.59 
43 4 55 0.59 
3 33 23 0.59 
3 33 64 0.59 
3 33 10 0.59 
3 33 53 0.59 
3 62 11 0.59 
3 41 11 0.59 
3 23 64 0.59 
3 23 10 0.59 
3 64 10 0.59 
3 64 52 0.59 
3 22 53 0.59 
3 22 11 0.59 
3 52 14 0.59 
3 53 11 0.59 
33 23 42 0.59 
33 64 42 0.59 
33 22 53 0.59 
33 53 11 0.59 
62 30 45 0.59 
23 64 42 0.59 
23 42 10 0.59 
64 42 10 0.59 
64 52 14 0.59 
31 21 1 0.59 
31 21 65 0.59 
31 4 55 0.59 
31 1 65 0.59 
22 53 11 0.59 
21 1 65 0.59 
32 50 1 0.59 
13 62 30 45 0.59 
13 31 21 1 0.59 
13 31 21 65 0.59 
13 31 1 65 0.59 
13 21 1 65 0.59 
43 3 64 52 0.59 
43 3 64 14 0.59 
43 3 52 14 0.59 
43 64 52 14 0.59 
43 31 4 55 0.59 
3 33 23 64 0.59 
3 33 23 42 0.59 
3 33 23 10 0.59 
3 33 64 42 0.59 
3 33 64 10 0.59 
3 33 42 10 0.59 
3 33 22 53 0.59 
3 33 22 11 0.59 
3 33 53 11 0.59 
3 23 64 42 0.59 
3 23 64 10 0.59 
3 23 42 10 0.59 
3 64 42 10 0.59 
3 64 52 14 0.59 
3 22 53 11 0.59 
33 23 64 42 0.59 
33 23 42 10 0.59 
33 64 42 10 0.59 
33 22 53 11 0.59 
23 64 42 10 0.59 
31 21 1 65 0.59 
13 31 21 1 65 0.59 
43 3 64 52 14 0.59 
3 33 23 64 42 0.59 
3 33 23 64 10 0.59 
3 33 23 42 10 0.59 
3 33 64 42 10 0.59 
3 33 22 53 11 0.59 
3 23 64 42 10 0.59 
33 23 64 42 10 0.59 
3 33 23 64 42 10 0.59 
61 0 0.58 
33 41 53 0.58 
41 64 53 0.58 
34 61 44 0.58 
34 61 0 0.58 
61 44 0 0.58 
33 41 64 53 0.58 
34 61 44 0 0.58 
12 1 0.58 
61 1 0.58 
31 0.58 
33 1 0.58 
62 50 0.58 
34 50 0.58 
31 60 0.58 
13 33 50 0.58 
13 33 1 0.58 
13 62 50 0.58 
33 62 50 0.58 
33 41 2 0.58 
33 42 53 0.58 
41 31 60 0.58 
51 32 14 0.58 
2 32 14 0.58 
13 33 62 50 0.58 
23 64 0.57 
31 40 0.57 
13 54 31 0.57 
43 12 31 0.57 
33 23 64 0.57 
33 23 10 0.57 
33 64 10 0.57 
23 64 10 0.57 
33 23 64 10 0.57 
64 53 0.57 
54 24 0.57 
33 64 53 0.57 
64 12 0 0.57 
41 0 0.56 
42 53 0.56 
0 53 0.56 
41 12 0 0.56 
3 31 0.56 
43 52 0.56 
62 32 0.56 
33 64 0 0.56 
64 0 53 0.56 
34 44 0 0.56 
33 64 0 53 0.56 
23 10 0.55 
11 60 0.55 
44 0 0.55 
2 65 0.55 
13 62 32 0.55 
12 0 0.55 
23 34 0.55 
61 11 0.55 
13 43 2 0.55 
12 0 53 0.55 
23 54 0.54 
3 23 54 0.54 
3 41 0.54 
61 0.54 
3 10 0.54 
23 14 0.54 
43 12 0 0.54 
13 2 0.54 
43 0 0.54 
43 53 0.54 
64 42 0.54 
21 40 0.54 
43 54 22 0.54 
41 23 0.53 
61 53 0.53 
2 32 0.53 
34 10 0.53 
44 1 0.53 
13 44 50 0.53 
13 44 1 0.53 
13 50 1 0.53 
43 12 53 0.53 
34 10 44 0.53 
44 50 1 0.53 
13 44 50 1 0.53 
43 12 0 53 0.53 
65 0.53 
23 42 0.53 
22 45 0.53 
13 24 40 0.53 
62 41 4 0.53 
41 23 2 0.53 
41 2 61 0.53 
51 2 22 0.53 
51 12 22 0.53 
2 12 22 0.53 
52 4 24 0.53 
4 24 40 0.53 
41 23 2 61 0.53 
51 2 12 22 0.53 
41 60 0.52 
13 43 53 0.52 
23 10 44 0.52 
23 10 0 0.52 
23 44 0 0.52 
23 10 44 0 0.52 
13 65 0.52 
13 45 0.52 
20 31 0.52 
62 45 0.52 
52 14 0.52 
32 50 0.52 
13 62 45 0.52 
3 64 42 0.52 
51 2 0.52 
3 23 42 0.52 
33 41 64 0.52 
0 0.51 
43 21 0.51 
52 0.51 
33 2 0.51 
43 14 0.51 
41 23 14 0.51 
41 61 14 0.51 
41 23 61 14 0.51 
64 50 0.51 
34 11 0.51 
34 61 0.51 
13 0.51 
13 62 0.5 
13 53 0.5 
20 56 0.5 
43 3 64 0.5 
3 62 23 0.5 
42 2 0.5 
45 0.5 
43 62 0.5 
0 60 0.5 
64 12 0.5 
43 3 0.5 
2 0.5 
41 10 0.49 
43 30 0.49 
64 31 0.49 
12 31 0.49 
53 1 0.49 
43 64 31 0.49 
3 51 30 0.49 
42 53 1 0.49 
3 64 0.49 
64 0 0.49 
34 44 0.49 
31 11 0.49 
13 52 0.49 
43 33 0.49 
42 31 0.49 
42 10 0.49 
34 52 0.49 
13 40 0.48 
64 14 0.48 
21 52 0.48 
3 64 14 0.48 
43 0.48 
60 24 0.48 
62 53 0.48 
41 15 0.48 
10 52 0.48 
54 12 0.48 
13 51 0.48 
13 42 0.48 
34 40 0.47 
52 40 0.47 
34 52 40 0.47 
54 32 0.47 
43 64 0.47 
41 14 0.47 
54 22 0.47 
33 64 0.47 
33 41 0.46 
54 61 0.46 
63 0 0.46 
10 0.46 
43 11 0.46 
12 22 0.46 
13 42 32 0.46 
41 0.46 
13 50 0.46 
34 0 0.46 
41 51 0.45 
54 60 0.45 
63 10 0.45 
61 4 0.45 
4 11 0.45 
43 33 62 0.45 
43 51 0.45 
3 20 64 0.45 
3 41 64 0.45 
61 14 0.45 
62 11 0.45 
31 4 0.45 
14 0.45 
53 0.45 
63 0.45 
12 0.44 
41 2 0.44 
3 11 0.44 
41 63 0.44 
51 63 0.44 
42 32 0.44 
32 0.44 
43 2 0.44 
2 22 0.44 
3 0.44 
20 14 0.43 
13 32 0.43 
13 3 0.43 
54 0.43 
64 52 0.43 
12 53 0.43 
34 4 0.43 
64 0.43 
2 14 0.43 
11 0.43 
3 54 0.43 
23 50 0.42 
11 24 0.42 
3 63 0.42 
64 34 0.42 
63 4 0.42 
60 0.42 
54 14 0.41 
62 0.41 
20 1 0.41 
62 41 0.41 
62 4 0.41 
64 10 0.41 
3 12 0.41 
41 4 0.41 
3 54 12 0.41 
51 2 12 0.41 
50 0.41 
20 0 0.4 
43 12 0.4 
43 61 0.39 
43 4 0.39 
64 11 0.39 
3 33 42 0.39 
3 33 22 0.39 
3 33 11 0.39 
3 42 10 0.39 
42 0.39 
13 21 0.39 
31 65 0.39 
3 14 0.39 
51 14 0.39 
13 33 62 0.39 
4 0.39 
43 22 0.39 
54 0 0.39 
51 22 0.39 
33 0.38 
33 50 0.38 
43 62 12 0.38 
10 44 0.38 
13 2 22 0.38 
41 64 0.38 
34 0.38 
34 60 0.38 
22 53 0.38 
10 5 0.38 
33 22 11 0.38 
63 12 0.37 
10 53 0.37 
31 0 0.37 
52 60 0.37 
4 60 0.37 
34 52 60 0.37 
3 22 0.37 
3 51 0.37 
44 0.37 
54 31 0.37 
34 15 0.37 
3 51 64 0.37 
43 54 0.37 
15 0.36 
41 22 0.36 
51 5 0.36 
54 11 0.36 
13 43 22 0.36 
43 51 22 0.36 
63 2 0.36 
14 50 0.36 
61 21 0.36 
0 24 0.36 
33 42 0.36 
63 34 0.36 
43 34 0 0.36 
51 0.36 
3 52 0.36 
51 12 0.36 
13 5 0.35 
13 51 5 0.35 
22 0.35 
43 20 0.35 
13 33 0.35 
23 60 0.35 
51 34 0.35 
41 5 0.35 
10 4 0.35 
33 12 0.34 
64 21 0.34 
3 32 0.34 
3 33 0.34 
33 62 0.34 
42 65 0.34 
22 11 0.34 
41 53 0.34 
43 60 0.33 
52 32 0.33 
13 62 42 0.33 
33 11 0.33 
33 22 0.33 
3 42 0.32 
13 20 0.32 
51 32 0.31 
13 44 0.31 
62 12 0.31 
2 12 0.31 
3 62 0.3 
21 0.3 
33 44 0.3 
34 21 0.29 
20 42 0.29 
42 14 0.29 
2 21 0.29 
20 64 0.29 
51 64 0.29 
2 34 0.28 
13 22 0.28 
33 22 5 0.28 
5 0.27 
32 44 0.27 
20 51 64 0.27 
51 42 0.26 
43 34 0.26 
20 32 0.26 
20 0.26 
35 0.26 
22 5 0.25 
20 34 0.25 
34 22 0.25 
22 60 0.25 
43 34 22 0.25 
41 12 0.25 
20 15 0.24 
62 42 0.24 
3 20 0.23 
33 5 0.22 
62 22 0.22 
20 51 0.22 
20 62 0.2 
20 12 0.2 
13 42 24 0.98 
42 52 24 0.98 
13 42 52 24 0.98 
62 24 0.93 
13 2 31 0.93 
13 31 52 0.93 
62 52 24 0.93 
2 31 61 0.93 
13 2 31 52 0.93 
63 30 0.88 
30 24 0.88 
13 43 63 0.88 
13 23 63 0.88 
13 51 63 0.88 
13 63 30 0.88 
43 23 63 0.88 
3 63 30 0.88 
23 2 31 0.88 
51 63 30 0.88 
54 63 30 0.88 
54 63 24 0.88 
54 30 24 0.88 
54 24 40 0.88 
63 30 24 0.88 
63 30 40 0.88 
63 24 40 0.88 
4 30 24 0.88 
30 24 40 0.88 
13 43 23 63 0.88 
13 3 63 30 0.88 
13 51 63 30 0.88 
54 63 30 24 0.88 
54 63 30 40 0.88 
54 63 24 40 0.88 
54 30 24 40 0.88 
63 30 24 40 0.88 
54 63 30 24 40 0.88 
13 43 23 0.88 
62 1 0.87 
2 24 0.87 
61 24 0.87 
60 26 0.87 
13 62 1 0.87 
42 61 24 0.87 
12 30 0.87 
30 40 0.87 
54 12 30 0.87 
54 30 40 0.87 
12 40 0.86 
30 25 0.86 
14 1 0.86 
1 40 0.86 
1 25 0.86 
41 31 61 0.86 
23 31 61 0.86 
54 12 40 0.86 
12 30 40 0.86 
1 40 25 0.86 
41 23 31 61 0.86 
54 12 30 40 0.86 
43 23 0.85 
63 24 0.84 
31 61 0.82 
41 2 11 0.82 
23 61 44 0.82 
63 4 24 0.82 
43 62 23 0.82 
43 62 0 0.82 
43 23 0 0.82 
43 23 53 0.82 
62 23 0 0.82 
62 23 53 0.82 
62 0 53 0.82 
43 62 23 0 0.82 
43 62 23 53 0.82 
43 62 0 53 0.82 
43 23 0 53 0.82 
62 23 0 53 0.82 
43 62 23 0 53 0.82 
41 55 0.81 
61 10 0.8 
25 0.8 
13 61 0.78 
31 10 0.78 
13 42 31 0.78 
13 2 61 0.78 
13 3 30 0.78 
13 51 30 0.78 
2 31 0.78 
63 40 0.77 
54 63 40 0.77 
26 0.77 
23 63 0.77 
31 26 0.77 
61 52 0.77 
10 24 0.77 
33 62 23 0.77 
10 4 24 0.77 
13 30 0.76 
40 25 0.76 
13 24 0.75 
52 24 0.75 
42 61 0.75 
13 2 52 0.75 
2 31 52 0.75 
2 11 0.74 
10 60 0.74 
62 0 0.74 
41 24 0.74 
43 62 53 0.74 
23 52 0.73 
51 45 0.73 
63 5 0.73 
12 4 0.73 
52 30 0.73 
13 23 51 0.73 
13 23 30 0.73 
43 3 30 0.73 
43 51 63 0.73 
43 31 52 0.73 
3 23 51 0.73 
41 23 11 0.73 
23 51 30 0.73 
23 2 11 0.73 
51 63 5 0.73 
51 30 45 0.73 
2 61 52 0.73 
31 61 11 0.73 
13 3 23 51 0.73 
13 3 23 30 0.73 
13 3 51 30 0.73 
13 23 51 30 0.73 
3 23 51 30 0.73 
13 3 23 51 30 0.73 
12 24 0.73 
13 43 32 0.73 
13 62 0 0.73 
23 0 53 0.72 
13 23 0.72 
13 25 0.72 
63 25 0.72 
61 55 0.72 
13 54 63 0.72 
13 63 31 0.72 
13 63 40 0.72 
13 63 25 0.72 
31 61 55 0.72 
13 54 63 40 0.72 
41 51 63 0.71 
23 51 63 0.71 
13 52 24 0.71 
3 54 30 0.71 
23 1 0.71 
31 52 0.71 
41 11 0.7 
33 24 0.7 
54 25 0.7 
61 44 0.7 
54 40 25 0.7 
54 40 0.7 
41 30 0.7 
0 25 0.7 
23 31 0.69 
4 24 0.69 
23 12 61 0.69 
23 44 0.69 
32 1 0.68 
62 30 0.68 
23 11 0.68 
30 45 0.68 
1 65 0.68 
42 24 0.68 
52 15 0.68 
13 42 2 0.68 
42 2 31 0.68 
42 2 52 0.68 
42 31 52 0.68 
42 2 31 52 0.68 
24 0.68 
23 30 0.68 
3 23 30 0.68 
3 60 0.68 
23 55 0.68 
61 32 0.68 
10 50 0.68 
11 55 0.68 
43 33 53 0.68 
33 62 53 0.68 
33 41 11 0.68 
33 23 50 0.68 
23 51 2 0.68 
23 61 1 0.68 
2 61 32 0.68 
43 33 62 53 0.68 
23 61 0.68 
23 12 0.67 
31 1 0.67 
31 55 0.67 
23 51 0.67 
53 24 0.67 
33 41 24 0.67 
33 12 0 0.67 
33 12 53 0.67 
33 53 24 0.67 
34 10 0 0.67 
33 12 0 53 0.67 
34 10 44 0 0.67 
13 0 0.67 
23 53 0.67 
34 61 52 0.66 
55 0.66 
41 56 0.66 
23 2 0.66 
13 42 52 0.66 
3 41 31 0.66 
41 10 56 0.66 
23 12 0 0.66 
13 31 0.65 
62 23 0.65 
33 23 44 0.65 
33 23 0 0.65 
33 23 53 0.65 
33 10 53 0.65 
33 23 0 53 0.65 
13 42 1 0.65 
33 23 0.65 
51 30 0.65 
50 1 0.65 
33 42 10 0.65 
54 30 0.64 
2 61 0.64 
23 0 0.64 
24 40 0.64 
43 0 53 0.64 
41 31 0.64 
23 32 0.64 
13 62 23 0.64 
40 0.64 
13 63 0.64 
1 0.64 
60 55 0.64 
13 32 1 0.64 
23 12 53 0.64 
42 61 53 0.64 
11 60 24 0.64 
41 61 0.63 
10 56 0.63 
41 23 31 0.63 
41 23 61 0.63 
30 0.63 
13 41 0.63 
41 52 0.63 
2 45 0.63 
12 45 0.63 
22 65 0.63 
32 65 0.63 
14 65 0.63 
50 65 0.63 
43 63 2 0.63 
54 12 61 0.63 
2 22 65 0.63 
32 50 65 0.63 
33 0 0.63 
10 0 0.63 
33 0 53 0.63 
23 54 30 0.63 
10 44 0 0.63 
3 23 54 30 0.63 
62 52 0.62 
2 52 0.62 
56 0.62 
23 0.62 
54 12 1 0.62 
13 43 0.61 
42 1 0.61 
33 10 0.61 
44 50 0.61 
43 32 0.61 
3 40 0.61 
54 63 0.61 
54 1 0.61 
31 14 0.61 
52 4 0.61 
32 40 0.61 
4 40 0.61 
30 5 0.61 
13 43 3 0.61 
13 43 51 0.61 
13 3 54 0.61 
13 3 40 0.61 
43 3 51 0.61 
3 54 63 0.61 
3 54 40 0.61 
41 30 5 0.61 
23 2 61 0.61 
54 63 12 0.61 
13 43 3 51 0.61 
13 3 54 40 0.61 
43 63 0.6 
32 14 0.6 
3 23 0.6 
13 23 32 0.6 
13 62 23 32 0.6 
33 53 0.6 
13 1 0.6 
13 43 31 0.6 
13 3 23 0.6 
13 3 51 0.6 
3 30 0.6 
62 23 32 0.6 
23 61 14 0.6 
64 30 0.59 
63 31 0.59 
12 61 0.59 
4 30 0.59 
13 3 63 0.59 
13 54 40 0.59 
13 54 0.59 
42 52 0.59 
43 31 0.59 
43 10 0.59 
43 1 0.59 
43 55 0.59 
3 53 0.59 
62 31 0.59 
31 21 0.59 
21 1 0.59 
21 65 0.59 
53 11 0.59 
4 55 0.59 
13 43 54 0.59 
13 62 30 0.59 
13 31 21 0.59 
13 31 1 0.59 
13 31 65 0.59 
13 21 1 0.59 
13 21 65 0.59 
13 30 45 0.59 
13 1 65 0.59 
43 3 52 0.59 
43 3 14 0.59 
43 20 31 0.59 
43 33 22 0.59 
43 64 52 0.59 
43 64 14 0.59 
43 31 21 0.59 
43 31 4 0.59 
43 31 55 0.59 
43 52 14 0.59 
43 4 55 0.59 
3 33 23 0.59 
3 33 64 0.59 
3 33 10 0.59 
3 33 53 0.59 
3 62 11 0.59 
3 41 11 0.59 
3 23 64 0.59 
3 23 10 0.59 
3 64 10 0.59 
3 64 52 0.59 
3 22 53 0.59 
3 22 11 0.59 
3 52 14 0.59 
3 53 11 0.59 
33 23 42 0.59 
33 64 42 0.59 
33 22 53 0.59 
33 53 11 0.59 
62 30 45 0.59 
23 64 42 0.59 
23 42 10 0.59 
64 42 10 0.59 
64 52 14 0.59 
31 21 1 0.59 
31 21 65 0.59 
31 4 55 0.59 
31 1 65 0.59 
22 53 11 0.59 
21 1 65 0.59 
32 50 1 0.59 
13 62 30 45 0.59 
13 31 21 1 0.59 
13 31 21 65 0.59 
13 31 1 65 0.59 
13 21 1 65 0.59 
43 3 64 52 0.59 
43 3 64 14 0.59 
43 3 52 14 0.59 
43 64 52 14 0.59 
43 31 4 55 0.59 
3 33 23 64 0.59 
3 33 23 42 0.59 
3 33 23 10 0.59 
3 33 64 42 0.59 
3 33 64 10 0.59 
3 33 42 10 0.59 
3 33 22 53 0.59 
3 33 22 11 0.59 
3 33 53 11 0.59 
3 23 64 42 0.59 
3 23 64 10 0.59 
3 23 42 10 0.59 
3 64 42 10 0.59 
3 64 52 14 0.59 
3 22 53 11 0.59 
33 23 64 42 0.59 
33 23 42 10 0.59 
33 64 42 10 0.59 
33 22 53 11 0.59 
23 64 42 10 0.59 
31 21 1 65 0.59 
13 31 21 1 65 0.59 
43 3 64 52 14 0.59 
3 33 23 64 42 0.59 
3 33 23 64 10 0.59 
3 33 23 42 10 0.59 
3 33 64 42 10 0.59 
3 33 22 53 11 0.59 
3 23 64 42 10 0.59 
33 23 64 42 10 0.59 
3 33 23 64 42 10 0.59 
61 0 0.58 
33 41 53 0.58 
41 64 53 0.58 
34 61 44 0.58 
34 61 0 0.58 
61 44 0 0.58 
33 41 64 53 0.58 
34 61 44 0 0.58 
12 1 0.58 
61 1 0.58 
31 0.58 
33 1 0.58 
62 50 0.58 
34 50 0.58 
31 60 0.58 
13 33 50 0.58 
13 33 1 0.58 
13 62 50 0.58 
33 62 50 0.58 
33 41 2 0.58 
33 42 53 0.58 
41 31 60 0.58 
51 32 14 0.58 
2 32 14 0.58 
13 33 62 50 0.58 
23 64 0.57 
31 40 0.57 
13 54 31 0.57 
43 12 31 0.57 
33 23 64 0.57 
33 23 10 0.57 
33 64 10 0.57 
23 64 10 0.57 
33 23 64 10 0.57 
64 53 0.57 
54 24 0.57 
33 64 53 0.57 
64 12 0 0.57 
41 0 0.56 
42 53 0.56 
0 53 0.56 
41 12 0 0.56 
3 31 0.56 
43 52 0.56 
62 32 0.56 
33 64 0 0.56 
64 0 53 0.56 
34 44 0 0.56 
33 64 0 53 0.56 
23 10 0.55 
11 60 0.55 
44 0 0.55 
2 65 0.55 
13 62 32 0.55 
12 0 0.55 
23 34 0.55 
61 11 0.55 
13 43 2 0.55 
12 0 53 0.55 
23 54 0.54 
3 23 54 0.54 
3 41 0.54 
61 0.54 
3 10 0.54 
23 14 0.54 
43 12 0 0.54 
13 2 0.54 
43 0 0.54 
43 53 0.54 
64 42 0.54 
21 40 0.54 
43 54 22 0.54 
41 23 0.53 
61 53 0.53 
2 32 0.53 
34 10 0.53 
44 1 0.53 
13 44 50 0.53 
13 44 1 0.53 
13 50 1 0.53 
43 12 53 0.53 
34 10 44 0.53 
44 50 1 0.53 
13 44 50 1 0.53 
43 12 0 53 0.53 
65 0.53 
23 42 0.53 
22 45 0.53 
13 24 40 0.53 
62 41 4 0.53 
41 23 2 0.53 
41 2 61 0.53 
51 2 22 0.53 
51 12 22 0.53 
2 12 22 0.53 
52 4 24 0.53 
4 24 40 0.53 
41 23 2 61 0.53 
51 2 12 22 0.53 
41 60 0.52 
13 43 53 0.52 
23 10 44 0.52 
23 10 0 0.52 
23 44 0 0.52 
23 10 44 0 0.52 
13 65 0.52 
13 45 0.52 
20 31 0.52 
62 45 0.52 
52 14 0.52 
32 50 0.52 
13 62 45 0.52 
3 64 42 0.52 
51 2 0.52 
3 23 42 0.52 
33 41 64 0.52 
0 0.51 
43 21 0.51 
52 0.51 
33 2 0.51 
43 14 0.51 
41 23 14 0.51 
41 61 14 0.51 
41 23 61 14 0.51 
64 50 0.51 
34 11 0.51 
34 61 0.51 
13 0.51 
13 62 0.5 
13 53 0.5 
20 56 0.5 
43 3 64 0.5 
3 62 23 0.5 
42 2 0.5 
45 0.5 
43 62 0.5 
0 60 0.5 
64 12 0.5 
43 3 0.5 
2 0.5 
41 10 0.49 
43 30 0.49 
64 31 0.49 
12 31 0.49 
53 1 0.49 
43 64 31 0.49 
3 51 30 0.49 
42 53 1 0.49 
3 64 0.49 
64 0 0.49 
34 44 0.49 
31 11 0.49 
13 52 0.49 
43 33 0.49 
42 31 0.49 
42 10 0.49 
34 52 0.49 
13 40 0.48 
64 14 0.48 
21 52 0.48 
3 64 14 0.48 
43 0.48 
60 24 0.48 
62 53 0.48 
41 15 0.48 
10 52 0.48 
54 12 0.48 
13 51 0.48 
13 42 0.48 
34 40 0.47 
52 40 0.47 
34 52 40 0.47 
54 32 0.47 
43 64 0.47 
41 14 0.47 
54 22 0.47 
33 64 0.47 
33 41 0.46 
54 61 0.46 
63 0 0.46 
10 0.46 
43 11 0.46 
12 22 0.46 
13 42 32 0.46 
41 0.46 
13 50 0.46 
34 0 0.46 
41 51 0.45 
54 60 0.45 
63 10 0.45 
61 4 0.45 
4 11 0.45 
43 33 62 0.45 
43 51 0.45 
3 20 64 0.45 
3 41 64 0.45 
61 14 0.45 
62 11 0.45 
31 4 0.45 
14 0.45 
53 0.45 
63 0.45 
12 0.44 
41 2 0.44 
3 11 0.44 
41 63 0.44 
51 63 0.44 
42 32 0.44 
32 0.44 
43 2 0.44 
2 22 0.44 
3 0.44 
20 14 0.43 
13 32 0.43 
13 3 0.43 
54 0.43 
64 52 0.43 
12 53 0.43 
34 4 0.43 
64 0.43 
2 14 0.43 
11 0.43 
3 54 0.43 
23 50 0.42 
11 24 0.42 
3 63 0.42 
64 34 0.42 
63 4 0.42 
60 0.42 
54 14 0.41 
62 0.41 
20 1 0.41 
62 41 0.41 
62 4 0.41 
64 10 0.41 
3 12 0.41 
41 4 0.41 
3 54 12 0.41 
51 2 12 0.41 
50 0.41 
20 0 0.4 
43 12 0.4 
43 61 0.39 
43 4 0.39 
64 11 0.39 
3 33 42 0.39 
3 33 22 0.39 
3 33 11 0.39 
3 42 10 0.39 
42 0.39 
13 21 0.39 
31 65 0.39 
3 14 0.39 
51 14 0.39 
13 33 62 0.39 
4 0.39 
43 22 0.39 
54 0 0.39 
51 22 0.39 
33 0.38 
33 50 0.38 
43 62 12 0.38 
10 44 0.38 
13 2 22 0.38 
41 64 0.38 
34 0.38 
34 60 0.38 
22 53 0.38 
10 5 0.38 
33 22 11 0.38 
63 12 0.37 
10 53 0.37 
31 0 0.37 
52 60 0.37 
4 60 0.37 
34 52 60 0.37 
3 22 0.37 
3 51 0.37 
44 0.37 
54 31 0.37 
34 15 0.37 
3 51 64 0.37 
43 54 0.37 
15 0.36 
41 22 0.36 
51 5 0.36 
54 11 0.36 
13 43 22 0.36 
43 51 22 0.36 
63 2 0.36 
14 50 0.36 
61 21 0.36 
0 24 0.36 
33 42 0.36 
63 34 0.36 
43 34 0 0.36 
51 0.36 
3 52 0.36 
51 12 0.36 
13 5 0.35 
13 51 5 0.35 
22 0.35 
43 20 0.35 
13 33 0.35 
23 60 0.35 
51 34 0.35 
41 5 0.35 
10 4 0.35 
33 12 0.34 
64 21 0.34 
3 32 0.34 
3 33 0.34 
33 62 0.34 
42 65 0.34 
22 11 0.34 
41 53 0.34 
43 60 0.33 
52 32 0.33 
13 62 42 0.33 
33 11 0.33 
33 22 0.33 
3 42 0.32 
13 20 0.32 
51 32 0.31 
13 44 0.31 
62 12 0.31 
2 12 0.31 
3 62 0.3 
21 0.3 
33 44 0.3 
34 21 0.29 
20 42 0.29 
42 14 0.29 
2 21 0.29 
20 64 0.29 
51 64 0.29 
2 34 0.28 
13 22 0.28 
33 22 5 0.28 
5 0.27 
32 44 0.27 
20 51 64 0.27 
51 42 0.26 
43 34 0.26 
20 32 0.26 
20 0.26 
35 0.26 
22 5 0.25 
20 34 0.25 
34 22 0.25 
22 60 0.25 
43 34 22 0.25 
41 12 0.25 
20 15 0.24 
62 42 0.24 
3 20 0.23 
33 5 0.22 
62 22 0.22 
20 51 0.22 
20 62 0.2 
20 12 0.2 
63 30 0.91 
30 24 0.91 
13 43 63 0.91 
13 23 63 0.91 
13 51 63 0.91 
13 63 30 0.91 
43 23 63 0.91 
3 63 30 0.91 
23 2 31 0.91 
51 63 30 0.91 
54 63 30 0.91 
54 63 24 0.91 
54 30 24 0.91 
54 24 40 0.91 
63 30 24 0.91 
63 30 40 0.91 
63 24 40 0.91 
4 30 24 0.91 
30 24 40 0.91 
13 43 23 63 0.91 
13 3 63 30 0.91 
13 51 63 30 0.91 
54 63 30 24 0.91 
54 63 30 40 0.91 
54 63 24 40 0.91 
54 30 24 40 0.91 
63 30 24 40 0.91 
54 63 30 24 40 0.91 
13 43 23 0.91 
12 30 0.89 
62 24 0.89 
30 40 0.89 
13 2 31 0.89 
13 31 52 0.89 
62 52 24 0.89 
54 12 30 0.89 
54 30 40 0.89 
2 31 61 0.89 
13 2 31 52 0.89 
12 40 0.88 
30 25 0.88 
14 1 0.88 
1 40 0.88 
1 25 0.88 
41 31 61 0.88 
23 31 61 0.88 
54 12 40 0.88 
12 30 40 0.88 
1 40 25 0.88 
41 23 31 61 0.88 
54 12 30 40 0.88 
13 42 24 0.87 
42 52 24 0.87 
13 42 52 24 0.87 
41 30 0.86 
63 40 0.85 
52 30 0.85 
43 3 30 0.85 
43 31 52 0.85 
54 63 40 0.85 
3 54 30 0.85 
13 62 0 0.84 
23 63 0.83 
3 40 0.83 
54 40 0.83 
32 40 0.83 
30 5 0.83 
1 65 0.83 
40 25 0.83 
13 43 3 0.83 
13 43 51 0.83 
13 3 54 0.83 
13 3 40 0.83 
13 42 31 0.83 
43 3 51 0.83 
3 54 63 0.83 
3 54 40 0.83 
41 30 5 0.83 
54 63 12 0.83 
13 43 3 51 0.83 
13 3 54 40 0.83 
13 23 32 0.82 
13 62 23 32 0.82 
25 0.82 
13 25 0.82 
63 25 0.82 
13 54 63 0.82 
13 63 31 0.82 
13 63 40 0.82 
13 63 25 0.82 
13 54 63 40 0.82 
2 31 0.82 
13 43 31 0.81 
23 54 30 0.81 
3 23 54 30 0.81 
41 56 0.81 
31 1 0.81 
3 41 31 0.81 
41 10 56 0.81 
13 31 0.8 
13 0 0.8 
10 56 0.8 
56 0.8 
31 26 0.8 
64 30 0.79 
63 31 0.79 
13 54 40 0.79 
13 30 0.79 
3 60 0.79 
41 51 63 0.79 
23 51 63 0.79 
43 1 0.79 
3 31 0.79 
54 25 0.79 
21 1 0.79 
21 65 0.79 
13 31 21 0.79 
13 31 1 0.79 
13 31 65 0.79 
13 21 1 0.79 
13 21 65 0.79 
13 1 65 0.79 
43 3 52 0.79 
43 3 14 0.79 
43 64 52 0.79 
43 64 14 0.79 
43 52 14 0.79 
3 52 14 0.79 
64 52 14 0.79 
54 40 25 0.79 
31 21 1 0.79 
31 21 65 0.79 
31 1 65 0.79 
21 1 65 0.79 
13 31 21 1 0.79 
13 31 21 65 0.79 
13 31 1 65 0.79 
13 21 1 65 0.79 
43 3 64 52 0.79 
43 3 64 14 0.79 
43 3 52 14 0.79 
43 64 52 14 0.79 
3 64 52 14 0.79 
31 21 1 65 0.79 
13 31 21 1 65 0.79 
43 3 64 52 14 0.79 
31 52 0.79 
13 2 52 0.78 
2 31 52 0.78 
31 24 0.78 
42 31 24 0.78 
20 56 0.77 
43 3 64 0.77 
54 63 0.77 
31 61 0.77 
30 56 0.77 
43 3 31 0.77 
3 64 31 0.77 
20 10 56 0.77 
20 30 56 0.77 
43 3 64 31 0.77 
54 30 0.76 
13 3 30 0.76 
13 51 30 0.76 
13 54 31 0.76 
64 31 0.75 
43 64 31 0.75 
30 0.75 
65 0.75 
13 63 0.75 
23 30 0.75 
31 22 0.75 
3 23 30 0.75 
3 31 22 0.75 
13 42 1 0.74 
13 41 0.74 
41 52 0.74 
2 45 0.74 
12 45 0.74 
22 65 0.74 
32 65 0.74 
14 65 0.74 
50 65 0.74 
43 63 2 0.74 
54 12 61 0.74 
2 22 65 0.74 
32 50 65 0.74 
54 31 0.74 
54 1 0.74 
54 65 0.74 
31 14 0.74 
54 63 31 0.74 
54 31 65 0.74 
42 31 0.73 
13 54 0.73 
13 42 2 0.72 
42 2 31 0.72 
42 2 52 0.72 
42 31 52 0.72 
42 2 31 52 0.72 
43 23 0.72 
13 65 0.72 
62 30 0.72 
52 14 0.72 
0 25 0.72 
30 45 0.72 
31 0 0.71 
54 12 1 0.71 
3 30 0.71 
31 65 0.71 
23 54 0.71 
3 23 54 0.71 
54 31 0 0.71 
4 30 0.7 
13 3 23 0.7 
13 3 51 0.7 
13 3 63 0.7 
13 62 32 0.7 
62 23 32 0.7 
32 1 0.7 
43 31 0.7 
51 30 0.69 
62 52 0.69 
31 0.69 
2 65 0.69 
31 11 0.68 
42 31 65 0.68 
41 31 0.68 
20 45 0.68 
23 52 0.68 
51 45 0.68 
64 14 0.68 
63 5 0.68 
12 4 0.68 
13 23 51 0.68 
13 23 30 0.68 
13 42 53 0.68 
13 42 65 0.68 
13 53 1 0.68 
43 20 32 0.68 
43 20 14 0.68 
43 51 63 0.68 
3 20 14 0.68 
3 23 51 0.68 
3 64 21 0.68 
3 64 14 0.68 
20 64 14 0.68 
20 31 52 0.68 
20 31 14 0.68 
20 52 14 0.68 
41 23 11 0.68 
23 51 30 0.68 
23 2 11 0.68 
51 63 5 0.68 
51 30 45 0.68 
64 21 52 0.68 
64 21 14 0.68 
31 61 11 0.68 
31 52 14 0.68 
13 3 23 51 0.68 
13 3 23 30 0.68 
13 3 51 30 0.68 
13 23 51 30 0.68 
13 42 53 1 0.68 
3 20 64 14 0.68 
3 23 51 30 0.68 
3 64 21 14 0.68 
20 31 52 14 0.68 
13 3 23 51 30 0.68 
13 23 0.68 
43 32 0.68 
13 43 0.68 
23 31 0.68 
13 43 32 0.68 
13 42 52 0.68 
3 64 52 0.68 
13 24 0.67 
52 24 0.67 
43 3 0.66 
43 30 0.66 
13 64 0.66 
13 61 0.66 
31 10 0.66 
13 2 61 0.66 
63 24 0.66 
43 64 0.66 
41 63 0.66 
42 65 0.66 
54 12 0.65 
62 32 0.65 
61 55 0.65 
31 61 55 0.65 
3 12 0.65 
3 54 12 0.65 
42 24 0.65 
3 20 64 0.65 
3 42 14 0.65 
12 31 0.64 
2 52 0.64 
3 23 0.64 
3 54 0.63 
3 51 64 0.63 
43 52 0.63 
3 63 0.63 
20 14 0.63 
54 24 0.63 
3 14 0.62 
13 3 0.62 
43 10 0.62 
31 21 0.62 
13 43 54 0.62 
13 62 30 0.62 
13 30 45 0.62 
43 20 31 0.62 
43 31 21 0.62 
62 30 45 0.62 
13 62 30 45 0.62 
24 40 0.62 
1 0.62 
43 63 0.62 
62 0 0.62 
41 51 0.61 
3 41 0.61 
61 52 0.61 
42 52 0.61 
20 30 0.61 
13 42 0.61 
13 40 0.61 
13 45 0.61 
20 31 0.61 
62 45 0.61 
23 11 0.61 
13 62 45 0.61 
13 21 0.6 
43 14 0.6 
3 64 0.6 
3 61 0.6 
62 40 0.6 
64 22 0.6 
54 4 0.6 
63 22 0.6 
63 52 0.6 
4 15 0.6 
30 15 0.6 
13 54 32 0.6 
13 63 52 0.6 
43 3 22 0.6 
3 62 32 0.6 
3 41 54 0.6 
3 41 22 0.6 
3 23 32 0.6 
3 51 63 0.6 
3 64 22 0.6 
3 54 32 0.6 
3 61 30 0.6 
62 23 54 0.6 
62 54 32 0.6 
23 54 32 0.6 
54 61 30 0.6 
54 4 30 0.6 
4 30 15 0.6 
13 3 62 23 0.6 
3 62 23 54 0.6 
3 62 23 32 0.6 
3 62 54 32 0.6 
3 23 54 32 0.6 
62 23 54 32 0.6 
3 62 23 54 32 0.6 
41 61 0.6 
30 14 0.6 
3 30 14 0.6 
41 23 31 0.6 
41 23 61 0.6 
40 0.6 
12 24 0.6 
13 52 24 0.59 
31 40 0.59 
43 12 31 0.59 
26 0.59 
64 50 0.59 
31 55 0.59 
52 15 0.59 
23 0 53 0.59 
13 62 52 0.58 
13 52 32 0.58 
62 42 52 0.58 
62 42 32 0.58 
13 62 42 52 0.58 
13 62 42 32 0.58 
64 52 0.58 
13 42 32 0.58 
42 32 0.58 
13 53 0.58 
20 2 0.58 
13 33 2 0.58 
13 33 21 0.58 
13 2 21 0.58 
13 2 50 0.58 
3 20 51 0.58 
3 51 32 0.58 
3 64 32 0.58 
20 42 14 0.58 
20 2 14 0.58 
20 32 14 0.58 
33 2 21 0.58 
41 64 21 0.58 
42 2 65 0.58 
13 33 2 21 0.58 
3 20 51 64 0.58 
3 20 51 32 0.58 
3 20 64 32 0.58 
3 51 64 32 0.58 
3 20 51 64 32 0.58 
54 0.57 
3 0.57 
13 0.57 
32 50 0.57 
41 63 12 0.57 
13 2 0.57 
32 50 1 0.57 
13 1 0.57 
43 21 0.57 
23 32 0.57 
42 54 0.57 
12 22 0.57 
13 62 23 0.57 
2 61 52 0.57 
13 62 0.56 
42 1 0.56 
13 51 0.56 
64 21 0.56 
54 61 0.56 
54 32 0.56 
45 0.56 
32 14 0.56 
41 10 0.55 
3 62 23 0.55 
3 51 30 0.55 
3 21 14 0.55 
13 32 1 0.55 
13 52 0.55 
3 51 0.55 
13 32 0.55 
63 0 0.55 
64 0.54 
20 1 0.54 
21 52 0.54 
3 23 42 0.54 
42 14 0.54 
21 30 0.54 
10 32 0.54 
13 42 21 0.54 
43 3 20 0.54 
3 20 52 0.54 
3 21 30 0.54 
20 64 52 0.54 
20 10 32 0.54 
21 30 14 0.54 
3 21 30 14 0.54 
3 22 0.54 
20 41 64 0.54 
64 12 0.54 
63 0.54 
3 41 64 0.54 
33 23 64 0.54 
33 23 10 0.54 
33 64 10 0.54 
41 2 11 0.54 
23 64 10 0.54 
23 61 44 0.54 
63 4 24 0.54 
33 23 64 10 0.54 
23 51 0.53 
43 62 23 0.53 
43 62 0 0.53 
43 23 0 0.53 
43 23 53 0.53 
62 23 0 0.53 
62 23 53 0.53 
62 0 53 0.53 
43 62 23 0 0.53 
43 62 23 53 0.53 
43 62 0 53 0.53 
43 23 0 53 0.53 
62 23 0 53 0.53 
43 62 23 0 53 0.53 
3 32 0.53 
64 10 0.53 
14 0.53 
32 0.53 
3 52 0.52 
64 5 0.52 
13 3 22 0.52 
13 3 32 0.52 
20 64 10 0.52 
20 64 5 0.52 
20 10 5 0.52 
41 54 12 0.52 
64 10 5 0.52 
20 64 10 5 0.52 
52 0.52 
54 14 0.52 
3 10 0.52 
3 50 0.52 
62 1 0.52 
23 64 0.52 
64 2 0.52 
54 2 0.52 
2 24 0.52 
61 24 0.52 
22 32 0.52 
60 26 0.52 
13 62 1 0.52 
13 2 32 0.52 
13 22 32 0.52 
43 54 2 0.52 
43 54 32 0.52 
43 2 32 0.52 
3 41 32 0.52 
3 64 50 0.52 
33 64 52 0.52 
51 64 42 0.52 
42 61 24 0.52 
54 2 32 0.52 
2 22 32 0.52 
13 2 22 32 0.52 
43 54 2 32 0.52 
51 63 0.51 
66 0.51 
20 66 0.51 
32 66 0.51 
1 66 0.51 
43 20 64 0.51 
20 32 1 0.51 
20 32 66 0.51 
20 1 66 0.51 
32 1 66 0.51 
20 32 1 66 0.51 
41 15 0.51 
2 11 0.51 
20 42 0.51 
41 55 0.51 
43 62 53 0.51 
3 42 54 0.51 
64 12 0 0.51 
23 0.5 
42 2 0.5 
20 64 0.5 
41 64 0.5 
10 52 44 0.5 
3 44 0.5 
41 54 0.5 
12 61 0.5 
61 30 0.5 
13 3 62 0.5 
24 0.5 
41 5 0.5 
41 23 0.49 
41 11 0.49 
23 2 0.49 
3 64 42 0.49 
43 20 0.49 
23 0 0.49 
41 14 0.49 
54 22 0.49 
41 0.49 
3 21 0.49 
20 52 0.49 
21 14 0.49 
10 5 0.49 
64 42 0.48 
64 0 0.48 
10 52 0.48 
52 32 0.48 
13 62 42 0.48 
63 12 0.48 
41 21 0.48 
21 50 0.48 
3 20 32 0.48 
20 51 32 0.48 
51 64 32 0.48 
20 51 64 32 0.48 
62 23 0.48 
23 61 0.48 
64 53 0.48 
12 1 0.48 
61 1 0.48 
33 64 53 0.48 
43 51 0.48 
13 20 0.47 
43 0.47 
10 0 0.47 
10 44 0 0.47 
3 20 0.47 
61 11 0.47 
13 43 2 0.47 
3 42 0.46 
33 64 0.46 
53 1 0.46 
42 53 1 0.46 
12 0.46 
63 2 0.45 
14 50 0.45 
3 33 64 0.45 
23 64 42 0.45 
20 32 0.45 
51 64 0.45 
20 10 0.45 
41 24 0.45 
42 0.45 
2 61 0.45 
3 62 54 0.45 
33 10 0.44 
61 44 0.44 
0 0.44 
2 0.44 
23 53 0.44 
23 14 0.44 
2 32 0.44 
33 52 0.44 
62 21 0.44 
41 32 0.44 
42 50 0.44 
23 12 0.44 
33 2 0.44 
21 53 0.44 
33 41 64 0.44 
4 24 0.44 
20 63 0.43 
64 32 0.43 
50 1 0.43 
20 64 32 0.43 
41 12 0.43 
52 44 0.43 
43 0 53 0.43 
21 0.43 
64 44 0.43 
3 62 0.43 
62 41 0.42 
62 4 0.42 
20 0.42 
10 0.42 
54 0 0.42 
62 0.42 
64 34 0.42 
20 51 64 0.42 
23 42 0.42 
62 54 0.42 
12 0 0.42 
13 5 0.41 
3 11 0.41 
41 22 0.41 
63 4 0.41 
13 43 22 0.41 
13 51 5 0.41 
43 51 22 0.41 
61 0.41 
51 0.41 
33 21 0.41 
43 2 0.4 
33 63 0.4 
23 10 0.4 
2 22 0.4 
20 62 0.4 
43 61 0.4 
43 4 0.4 
64 11 0.4 
3 33 42 0.4 
3 33 22 0.4 
3 33 11 0.4 
3 42 10 0.4 
33 53 0.4 
2 50 0.4 
41 2 0.4 
20 51 0.39 
42 11 0.39 
51 12 0.39 
20 41 0.39 
23 44 0.39 
20 33 0.39 
20 54 0.39 
43 20 54 0.39 
20 54 12 0.39 
13 50 0.39 
34 61 0.39 
55 0.39 
33 23 0.39 
3 33 0.39 
43 62 0.38 
42 53 0.38 
54 11 0.38 
43 54 0.38 
20 12 0.38 
33 0 0.38 
33 0 53 0.38 
51 32 0.38 
0 53 0.38 
43 12 0 0.37 
51 22 0.37 
13 33 0.37 
52 4 0.37 
4 40 0.37 
23 2 61 0.37 
62 53 0.37 
63 53 0.37 
43 0 0.36 
20 41 5 0.36 
13 22 0.36 
43 53 0.36 
62 42 0.36 
13 2 22 0.36 
33 42 10 0.36 
33 41 0.35 
42 21 0.35 
44 0 0.35 
10 44 0.35 
23 61 14 0.35 
2 21 0.35 
51 5 0.35 
42 61 0.35 
21 4 0.35 
21 11 0.35 
3 33 62 0.35 
20 62 12 0.35 
50 0.34 
20 5 0.34 
51 14 0.34 
13 33 62 0.34 
43 33 0.34 
42 10 0.34 
34 21 0.34 
20 0 0.34 
23 1 0.34 
2 14 0.34 
36 0.34 
51 36 0.34 
63 36 0.34 
61 21 0.34 
51 63 36 0.34 
53 0.34 
61 14 0.34 
20 4 0.33 
22 0.33 
15 0.33 
11 0.33 
33 0.33 
33 42 0.32 
51 2 0.32 
2 12 0.32 
4 0.32 
43 12 0.32 
43 22 0.31 
33 50 0.31 
5 0.3 
44 0.3 
10 53 0.3 
33 44 0.3 
34 10 0.29 
34 10 44 0.29 
12 34 0.29 
33 62 0.28 
51 42 0.28 
41 60 0.28 
20 34 0.28 
62 10 0.27 
62 5 0.27 
51 11 0.27 
41 53 0.27 
63 44 0.26 
44 4 0.26 
33 12 0.26 
33 22 0.25 
62 12 0.25 
33 11 0.25 
34 0.24 
51 21 0.24 
34 52 0.24 
34 0 0.24 
34 44 0.23 
20 44 0.23 
63 21 0.23 
20 15 0.23 
33 51 0.22 
2 34 0.22 
51 44 0.22 
22 11 0.21 
60 0.19 
